:name
elongated square gyrobicupola (J37)
:number
81
:comment
Modified by George W. Hart, Jan. 1996 to fix solid and vertices
:symbol
	@gQ sub 4 @
:sfaces
26 8{3} 18{4}
:svertices
24 24(@3@.@4 sup 3@)
:solid
26 4
3 0 3 2
4 0 1 4 3
3 1 5 4
4 2 3 7 6
4 3 4 8 7
4 4 5 9 8
3 6 7 10
4 7 8 11 10
3 8 9 11
3 12 13 15
4 12 15 17 14
4 13 16 18 15
3 14 17 19
4 15 18 20 17
3 16 21 18
4 17 20 22 19
3 20 23 22
4 18 21 23 20
4 0 2 19 22
4 2 6 14 19
4 6 10 12 14
4 10 11 13 12
4 9 16 13 11
4 5 21 16 9
4 1 23 21 5
4 0 22 23 1
:vertices
24 0
-1.20710678 .5 -.5
-1.20710678 -.5 -.5
-.5 1.20710678 -.5
-.5 .5 -1.20710678
-.5 -.5 -1.20710678
-.5 -1.20710678 -.5
.5 1.20710678 -.5
.5 .5 -1.20710678
.5 -.5 -1.20710678
.5 -1.20710678 -.5
1.20710678 .5 -.5
1.20710678 -.5 -.5
1.20710678 .5 .5
1.20710678 -.5 .5
.5 1.20710678 .5
.70710678 0 1.20710678
.5 -1.20710678 .5
0 .70710678 1.20710678
0 -.70710678 1.20710678
-.5 1.20710678 .5
-.70710678 0 1.20710678
-.5 -1.20710678 .5
-1.20710678 .5 .5
-1.20710678 -.5 .5
:EOF
